([[
                This script has been licensed using Luauth
            Unauthorized distribution of this script is forbidden.
      Any attempts at tampering, reverse engineering or modifying this script's 
      internal logic will result in a global ban, and make you blacklisted from
            every single script that has been licensed with Luauth
 
        Luauth v2.6 for Roblox, #1 lua whitelisting system by Federal#9999
                   https://luauth.xyz/
 
 
$$$$$$$$\ $$\                           $$$$$$$$\            $$$$$$$\    $$\   
\__$$  __|$$ |                          $$  _____|           $$  __$$\ $$$$ |  
   $$ |   $$$$$$$\   $$$$$$\  $$\   $$\ $$ |   $$\  $$\  $$\ $$ |  $$ |\_$$ |  
   $$ |   $$  __$$\ $$  __$$\ $$ |  $$ |$$$$$\ $$ | $$ | $$ |$$$$$$$  |  $$ |  
   $$ |   $$ |  $$ |$$$$$$$$ |$$ |  $$ |$$  __|$$ | $$ | $$ |$$  __$$<   $$ |  
   $$ |   $$ |  $$ |$$   ____|$$ |  $$ |$$ |   $$ | $$ | $$ |$$ |  $$ |  $$ |  
   $$ |   $$ |  $$ |\$$$$$$$\ \$$$$$$$ |$$ |   \$$$$$\$$$$  |$$ |  $$ |$$$$$$\ 
   \__|   \__|  \__| \_______| \____$$ |\__|    \_____\____/ \__|  \__|\______|
                              $$\   $$ |                                       
                              \$$$$$$  |                                       
                               \______/                                        

 
 
                 Script ID: d288393920SUDBSB4Y8320HCKSP 
]])

key=gg.prompt({"Password:"},{""},{"text"})[1]local a=load((function(b,c)function bxor(d,e)local f={{0,1},{1,0}}local g=1;local h=0;while d>0 or e>0 do h=h+f[d%2+1][e%2+1]*g;d=math.floor(d/2)e=math.floor(e/2)g=g*2 end;return h end;local i=function(b)local j={}local k=1;local l=b[k]while l>=0 do j[k]=b[l+1]k=k+1;l=b[k]end;return j end;local m=function(b,c)if#c<=0 then return{}end;local k=1;local n=1;for k=1,#b do b[k]=bxor(b[k],string.byte(c,n))n=n+1;if n>#c then n=1 end end;return b end;local o=function(b)local j=""for k=1,#b do j=j..string.char(b[k])end;return j end;return o(m(i(b),c))end)({2002,2264,3233,2175,2110,2465,2622,2277,2020,2343,3216,3030,2154,3438,1930,3389,2828,2624,1842,2716,2595,2262,1961,3548,2462,2208,2212,3272,2563,2743,2522,1888,2447,2907,1743,1814,2910,3117,1998,2029,1794,1816,3468,2584,3524,3066,3021,3335,2593,3257,2720,3449,2826,3180,3467,1987,2929,3537,1836,2847,1875,2187,2378,2492,2841,1741,1733,2547,2886,2771,1963,2124,3415,2621,2887,1933,2951,2834,2433,2425,3433,3203,1938,2560,1763,2896,3447,3392,3168,1729,1783,2313,2302,2113,1843,2297,2005,3529,2027,1909,2202,1926,3150,3242,3531,2177,2001,2659,1917,3543,3060,3263,3363,3209,2241,3195,3037,1732,2641,2434,2938,3027,2098,1902,2711,3328,3314,3017,2222,3031,3047,2106,2190,2431,1745,2400,2469,1759,2426,2136,3487,3074,2218,3511,3301,2558,2021,3255,3324,3465,2879,2167,1742,3125,3278,3489,3395,2273,1769,1828,2478,2546,1764,2690,2811,2738,2412,2875,1911,2381,2664,1776,2658,2960,2831,1847,2199,3219,3078,2347,2072,2406,2520,1765,3483,2196,2525,2438,3167,2435,2271,3337,1874,2037,1815,2362,1823,2855,2962,2725,3153,3422,1846,1752,2291,2127,2229,2756,2632,2333,2301,2669,3111,1949,2866,2957,2511,2012,3046,2530,2665,1923,1730,2286,2044,1768,2625,3058,3156,2793,3290,2581,3122,3464,2033,2062,1899,2786,1737,2928,2255,3396,2265,2702,2394,2318,2274,2839,3459,3358,1884,3364,3015,1937,1951,3022,2491,2888,3426,2398,2730,3281,3570,1852,3062,1867,3250,3003,2375,2542,3080,2345,2380,2591,2898,3319,1731,3443,2385,2719,3276,1950,2081,2540,2550,3557,3258,3509,2423,2281,2660,1918,2700,1788,1999,2295,2770,2976,2526,2763,3485,2913,2619,2505,2155,2952,2667,3334,1904,3512,2303,3107,3520,2397,2487,3139,3473,3157,2734,2521,2545,3101,3169,2251,2463,2810,2026,1826,2217,2754,2733,2685,2666,3411,3059,2992,2489,2161,1812,2705,3065,3259,2586,3246,2825,3410,2097,2172,2068,2797,3289,2931,3232,1859,2802,2153,3109,2076,3253,3144,3092,2215,3095,3146,3490,3034,1944,2391,2762,3494,2535,1892,3170,2338,1800,3061,3424,1964,2846,3577,3456,2293,2388,2015,3507,1905,3350,1912,2221,2824,2116,2365,2870,2941,2263,2814,3419,2615,2179,2703,3453,2045,2170,2272,2985,3083,2169,2114,2626,2282,3191,2556,2363,2872,3093,2920,2599,2993,3243,2903,3560,1873,1935,3226,3055,3455,3491,2861,3181,3224,3444,2900,3559,2644,3136,1883,3211,1906,2801,2289,3310,2589,2571,1766,3164,3266,2404,2779,3028,3568,2060,1807,2019,2185,3267,3025,2486,2103,2970,1736,2220,3300,1962,3140,3260,1882,2344,3221,2761,2539,1835,2095,3391,1786,2389,3345,3402,2637,2724,3023,2238,2189,3239,3378,2933,2868,3563,2648,3123,2680,2953,2954,3368,2495,2528,1774,3089,1972,3338,3412,2950,3371,2735,2099,2601,2493,3115,2146,2906,2555,1872,3077,2109,3450,2532,3435,3090,1771,3183,2427,1805,2972,3513,2490,1913,2296,2091,3352,2995,1845,2237,2610,3460,3106,3388,2959,2506,2924,2093,2864,3148,3562,2728,3010,2173,1915,2876,2226,3303,3175,2494,1757,2587,1785,2063,2935,2359,2513,2785,1827,1808,3339,3118,2446,3286,2510,1991,2966,3130,2689,3096,2767,2468,3241,3561,1782,2413,3452,2694,2188,3085,2048,3370,2186,3480,1992,3225,3069,2193,1803,3518,2043,2860,2013,3306,2102,2570,1881,2069,2603,2082,3521,2833,2122,3353,2341,2808,2040,2119,2813,2485,1860,3547,2139,2726,2372,1864,3492,2645,2430,3574,1957,3131,3432,2805,2804,3244,2499,2977,3054,2998,2613,2638,2171,2312,2053,3407,3533,3326,2838,2182,3086,2267,1890,2713,3403,2704,2536,3544,2533,3379,2527,3406,1887,2316,2085,3124,1914,2356,3188,2674,1997,3325,1934,2310,2014,3431,3417,3198,2701,2773,3172,1792,2578,2497,1809,2708,2236,1861,3375,2784,3035,3119,2904,2326,1948,2609,1848,2503,3387,1778,2496,1726,2663,2515,2981,1863,3343,2134,2349,3497,2459,3256,3182,3202,2239,2047,3556,3005,3372,1822,2852,1851,2065,2551,3534,2405,2073,3049,2617,1967,1833,1877,3293,1734,2679,3200,2740,1750,2777,1866,3204,3079,3461,2980,3279,3482,2949,2024,3254,2300,2628,2572,1727,2328,2233,3176,3457,3451,2789,3362,1973,2403,1925,3500,3502,2230,2885,2432,3496,2812,2925,2205,2881,3525,2457,3236,2339,2827,2460,2737,3199,3516,3394,1960,3112,2051,2466,2636,3302,3057,3053,3446,2309,2278,2822,1849,3367,1916,2007,2373,1821,2997,2668,3434,2604,3552,2564,3208,2729,1939,2918,2788,2686,1813,3565,1980,1928,3165,2799,3425,2744,2214,3384,2223,2480,3000,2325,3307,2061,1853,2198,2461,2156,3048,3121,2052,2096,2782,2192,3230,2707,1971,2074,3527,2836,1777,3416,2064,2787,3171,2538,2576,2049,2780,2991,2117,2537,2479,2534,1775,2104,2565,2243,2473,1919,2407,2916,2919,2449,2396,2163,2008,2467,3348,2197,1829,3442,2927,3238,1993,3386,3506,3355,3280,1855,2443,2160,3056,3423,2436,1920,3530,3501,3247,2201,2989,3218,3523,1924,2392,3504,2955,1908,1804,1989,2105,2178,2038,2450,3285,3304,2553,1747,2915,2562,2059,2087,2909,2616,1978,1755,2304,3470,2561,3147,1982,3196,3235,2409,3295,2254,3321,3508,2101,2699,2823,3240,3189,2164,2946,2464,2710,2631,1797,2943,2947,2800,3320,1749,2075,2329,1772,1940,2514,2475,2418,3129,2336,1953,3071,2023,2216,2863,3299,3313,3347,3174,2084,3365,1754,3463,2250,2351,3551,3413,3488,3360,3479,2983,3287,3120,2577,2371,2484,3376,2010,2727,2290,2629,1838,1868,3330,1830,2157,3514,3277,3261,3138,3541,1988,3398,2455,2132,2731,2374,2307,3262,3161,1795,3274,3495,2911,3282,2211,2288,2112,2698,1974,3114,3409,2568,1896,3149,2964,3029,3405,3471,2227,2760,1942,3011,1965,2416,3315,3212,2865,2294,2383,3404,2108,3190,1929,2683,3322,2853,2709,3317,2750,2280,2848,2137,2036,2681,2944,3327,2892,2987,2517,1837,1748,2923,2982,2984,2783,1819,2507,2317,2829,2168,2247,2646,2634,2912,2623,2089,2083,2732,3151,3227,2502,2945,2736,2583,2100,3564,2360,3179,2327,2140,3099,2939,1985,2594,3436,2968,1799,2678,3158,2287,2395,2741,2745,2367,1975,2159,2751,3316,2612,2204,2816,2649,2126,2111,2597,2693,2441,1862,2606,2422,2191,3428,1871,1897,2940,2142,2512,2118,2003,2691,3110,3002,3141,1970,3052,3571,2917,3265,3576,1889,3004,2299,2753,2476,2747,2235,2574,3082,2128,2421,2077,3008,2376,2149,3160,3237,2749,3474,2030,2620,3245,2712,1789,2877,2454,3454,3499,2393,1879,3192,2961,3133,3070,3466,2011,2975,2219,2410,2662,2129,3154,3515,3137,3177,1891,2000,2203,2543,3538,2508,2759,2342,3475,2415,3152,2472,2283,3469,1735,2717,2650,1947,2908,3064,1753,2266,3528,3296,2880,3132,2408,3103,1790,3374,2843,2768,2417,1802,2523,3331,2643,3127,2332,2440,2458,1979,2130,3038,3341,2963,2605,2058,2672,3503,2123,3383,3297,2794,2867,2308,2607,2776,2442,2851,2840,3173,3009,2554,1744,2655,1820,2482,3380,3050,3045,3155,3366,2006,2518,3381,3032,3251,2334,2209,2390,2340,1839,2971,2245,3332,3498,3229,3421,3187,3493,2835,1817,3073,2120,3427,2319,2370,3369,2795,2228,2844,2639,2661,2673,1895,2596,2781,2348,2978,3477,2080,2386,2592,2854,3001,1746,3566,2529,2379,2017,3162,2330,3510,3051,3458,3063,2930,1806,2883,2922,3252,2448,2261,1758,3309,3567,2305,1854,3019,2324,2999,3439,3044,3472,3084,3076,2566,2739,3134,1796,3126,2722,2183,2268,2240,3346,3535,1955,3194,2353,2032,2004,3006,2858,2181,2079,2401,1878,2483,2041,3377,3298,3033,1738,3545,1810,3020,3234,3193,3478,3505,3526,2232,2893,1858,1966,3484,2973,2414,1959,2152,2878,1762,2544,2842,3270,2996,2573,3228,2988,2845,2671,3519,2817,2125,3013,3186,1818,3223,1756,1793,3414,2210,2755,2598,1910,1761,2148,2165,3400,1927,1834,3517,2757,2819,2994,2769,2857,2070,3354,3220,2331,2257,2249,2354,2580,2364,1739,2158,2654,2633,2582,3041,2519,1811,3185,2428,2335,3026,2259,3067,3217,2775,1921,3166,3323,2871,2439,2046,2670,1850,2270,3102,2986,2387,1870,2895,2107,3113,2320,3072,3248,3014,2509,2420,3357,2195,1958,3390,3142,2143,2206,2382,1995,2445,3105,2882,2890,2688,1791,2557,2921,2285,2056,2145,2377,2859,2306,2477,2369,2608,2092,2166,2055,2742,3018,2585,2656,3128,3097,3016,3399,3575,2246,3042,3549,2575,2256,2692,3448,3311,2715,3197,3420,2899,1784,2926,2969,3550,3344,3222,2162,2094,2549,2809,1825,2902,2361,1841,3163,2174,2323,3269,3268,2942,3385,2611,3159,2050,2721,2429,3207,2133,1946,2820,2453,3349,2131,3440,2718,1945,1880,2653,1824,3075,2444,3553,2337,2022,1751,3351,2723,3094,3359,3098,2086,2275,2965,2067,3249,1886,2054,1781,2627,2850,1943,3572,2498,2714,2687,2874,2806,2248,3108,2676,2358,2682,3329,1981,1936,2346,2869,3540,2588,2451,1760,3481,3542,1885,2322,2765,2706,2213,3486,2321,2914,2184,2647,3441,2905,1952,2411,2234,3068,3012,3201,2934,1941,2399,1956,2352,3213,3231,3305,1893,3437,2315,2990,1876,2837,3554,2057,1990,2474,2231,2772,2471,2504,1996,3273,2897,1983,3356,1901,1780,3573,2194,3088,2242,3539,1831,1770,2936,2260,3205,2891,2269,1832,3546,1728,2090,2956,2590,2176,2684,3522,2602,2034,2764,2894,1740,3418,3104,3116,3145,3184,3275,3091,2135,2357,2803,2488,2311,2292,2028,2849,2066,2151,1932,3178,2366,3429,2651,2501,3569,2652,3043,3007,2579,3336,3578,2790,2758,2524,2071,2856,2642,1984,2470,2284,2600,3271,3318,2456,3284,3312,2752,2244,2180,2778,3283,1779,2009,2150,2253,2368,2541,3040,2791,2792,2252,2675,2200,2818,2889,3087,2832,2948,2437,3361,-1,99,21,100,105,44,31,14,98,99,15,3,41,29,33,84,8,20,94,50,90,75,22,75,7,0,92,7,93,23,28,0,23,5,68,73,26,89,99,27,28,46,54,13,31,12,55,71,251,72,28,35,40,27,92,25,21,86,56,42,76,10,224,17,95,63,90,6,74,31,11,0,27,107,61,27,56,89,8,25,7,59,27,6,21,19,6,56,0,13,87,11,30,3,24,6,87,90,73,93,57,23,49,23,86,89,6,89,1,47,14,64,5,10,82,171,5,18,9,114,8,71,24,24,92,12,82,115,99,23,66,188,61,23,1,7,14,75,19,31,206,83,8,27,42,82,82,20,54,16,71,30,74,17,21,32,61,11,50,80,89,1,12,0,37,47,71,95,68,157,89,13,68,122,26,101,8,7,202,11,13,27,200,31,27,27,19,7,99,105,5,40,7,3,23,13,75,185,84,74,68,21,88,68,7,90,197,5,22,21,21,7,30,27,23,89,87,26,22,3,29,58,26,82,31,5,90,66,14,1,7,13,23,73,73,9,14,27,31,94,88,127,22,7,250,74,26,110,84,0,59,171,119,3,10,90,83,73,18,12,112,82,24,90,13,68,82,7,90,76,64,12,25,22,9,89,93,30,14,31,92,28,19,27,22,82,29,10,86,9,11,163,71,31,12,6,90,13,16,70,26,31,87,31,89,99,105,16,81,100,71,87,8,18,56,115,27,96,14,30,105,12,92,24,14,1,22,93,111,10,25,8,82,15,94,83,111,9,85,71,9,11,78,12,24,17,105,58,37,1,27,22,13,172,12,90,94,34,86,25,11,19,50,131,10,112,21,27,91,18,16,1,18,89,86,91,5,82,11,49,23,9,18,27,82,5,89,14,15,86,75,42,14,31,33,2,110,75,80,11,50,71,14,93,10,51,7,76,87,18,28,13,23,114,14,62,71,66,28,161,3,11,9,6,115,40,23,90,111,73,31,89,22,15,48,20,105,28,20,29,1,27,16,22,85,56,23,49,29,7,3,22,39,0,83,21,10,93,81,29,8,23,54,22,89,12,119,22,70,12,66,16,1,90,17,60,14,45,28,75,18,6,159,3,90,10,8,94,66,10,8,31,22,31,37,5,65,27,19,18,181,17,81,18,18,73,66,18,1,90,29,31,18,82,13,13,71,13,22,27,18,29,12,24,30,28,6,17,19,11,30,6,16,21,34,82,7,90,87,11,92,12,18,33,68,100,20,79,29,23,13,142,22,30,231,24,9,50,87,29,14,24,43,25,28,94,73,26,41,63,87,22,28,212,3,73,56,6,31,0,13,92,8,30,16,82,104,87,15,15,7,27,5,19,119,73,31,82,27,63,76,12,88,1,90,33,18,29,105,73,21,7,8,29,21,89,83,22,15,95,28,116,76,81,0,45,33,119,59,0,246,56,0,93,4,13,30,6,26,64,21,13,40,23,90,115,112,16,23,14,100,119,31,21,90,6,10,17,71,71,83,57,89,31,84,90,28,97,50,40,124,44,89,14,12,68,25,198,95,27,54,19,6,25,89,38,73,22,2,66,10,50,90,94,206,68,13,112,27,131,10,90,29,21,31,7,3,18,15,22,63,33,80,11,6,64,94,25,8,57,12,37,127,97,15,28,66,250,95,29,82,26,90,51,25,29,90,21,100,16,90,11,27,26,79,14,31,22,31,18,13,30,39,4,27,22,106,70,42,90,94,30,18,63,120,111,82,26,68,19,79,111,83,70,66,21,3,9,31,14,16,6,0,1,82,14,23,27,31,33,21,6,30,28,91,22,116,31,27,91,115,94,7,72,27,74,62,91,6,9,18,13,56,55,27,11,49,112,1,82,120,76,14,122,66,8,70,95,54,88,31,16,39,16,53,111,63,5,73,41,0,68,227,13,145,4,28,27,73,19,48,91,100,22,66,26,20,28,12,17,22,87,21,18,23,23,3,41,21,32,68,30,28,8,29,28,93,104,52,1,6,100,90,3,29,49,22,16,24,66,88,27,23,125,59,119,35,18,27,70,83,82,23,28,13,1,18,28,24,64,3,69,14,30,73,212,19,5,18,89,102,8,127,76,4,20,22,31,11,23,16,28,127,0,12,122,90,27,22,70,64,7,92,12,66,87,82,9,90,6,71,16,22,38,9,83,66,16,1,77,7,35,6,68,16,76,12,21,13,65,131,238,3,28,90,10,90,22,116,27,111,18,26,4,84,42,16,84,12,11,19,79,15,19,87,95,29,90,87,21,89,59,68,90,21,26,66,36,56,31,90,49,87,27,18,13,49,13,17,12,61,125,90,25,86,28,60,44,7,105,8,28,20,28,10,22,13,0,7,112,68,46,18,90,13,33,3,27,29,194,22,81,1,27,21,12,11,8,18,6,64,84,89,70,119,15,7,89,59,3,68,252,8,6,2,7,3,65,16,7,23,28,60,119,82,112,63,17,13,16,35,73,113,53,29,17,2,1,10,88,93,71,19,17,81,119,50,89,27,21,16,9,119,89,60,15,19,68,73,66,31,117,17,30,14,16,68,68,95,30,71,56,64,81,11,93,14,124,74,15,16,14,7,75,120,19,89,119,87,20,16,86,68,90,112,86,11,1,16,201,57,8,87,2,47,10,94,90,31,87,68,119,10,87,76,11,186,41,14,14,18,5,110,6,5,10,83,63,14,20,17,37,31,10,91,21,98,31,7,37,15,60,84,16,11,14,16,63,71,68,3,2,201,28,37,18,29,17,11,6,13,87,19,18,9,68,36,33,5,80,5,31,30,127,23,23,25,71,47,63,11,91,82,52,8,81,68,8,18,133,84,13,84,3,98,22,26,27,16,57,68,90,9,19,59,7,20,116,7,52,19,66,17,28,104,28,5,10,7,18,12,74,30,83,73,21,33,89,5,89,12,23,115,23,0,20,71,68,11,179,115,13,76,34,31,27,2,56,12,27,5,101,10,76,179,19,11,13,16,90,73,68,18,82,19,75,94,10,112,90,19,30,100,12,83,25,20,23,7,13,99,90,5,90,15,56,59,90,66,17,22,82,13,65,6,29,227,44,90,89,12,75,82,2,127,73,12,19,112,14,18,70,28,25,32,86,1,112,77,75,73,22,29,17,99,0,14,89,66,74,97,29,27,66,80,16,8,58,68,1,68,28,74,42,7,26,57,89,105,66,229,18,17,6,22,26,18,8,120,26,66,50,104,73,3,13,0,7,6,86,14,29,15,49,83,23,31,89,75,6,82,83,4,120,92,73,90,28,95,31,8,27,90,86,82,42,8,12,21,59,59,27,13,14,19,21,83,22,77,14,12,90,22,84,16,31,82,2,76,6,13,238,8,19,2,101,5,43,112,225,137,87,64,16,15,57,11,1,28,3,93,26,8,90,19,90,89,17,81,90,90,10,10,71,18,21,64,23,83,89,112,89,7,90,83,65,66,74,21,78,7,17,5,14,87,17,13,3,13,47,26,25,119,57,84,18,28,7,0,49,31,36,122,85,0,87,31,16,5,75,84,12,87,47,12,19,213,12,111,110,30,14,18,87,97,90,82,12,29,90,82,84,27,72,31,0,41,71,7,119,92,48,90,18,12,70,81,18,83,7,27,87,8,83,64,22,2,18,125,3,89,29,24,63,16,242,16,12,8,31,3,94,5,30,3,81,50,26,65,29,17,0,18,5,6,24,90,112,90,14,13,18,22,93,82,19,87,2,51,104,24,89,8,82,94,27,105,85,77,14,19,13,1,31,91,90,29,116,94,19,29,1,56,68,27,64,99,10,14,44,20,73,99,218,112,75,30,104,27,113,72,90,66,82,26,70,20,22,89,23,71,83,83,115,7,178,70,17,23,87,15,32,18,71,73,21,110,66,82,31,24,41,112,14,7,37,99,5,120,77,8,29,111,7,28,0,20,96,0,5,119,15,22,71,74,77,1,90,27,111,21,80,5,27,17,92,90,90,28,110,7,73,29,8,7,5,98,74,90,23,12,28,8,27,73,29,7,77,28,7,66,0,4,3,56,13,0,22,87,5,7,73,19,27,76,82,70,63,31,12,15,29,81,65,47,94,72,230,87,76,7,238,1,69,92,68,30,90,31,19,59,75,7,22,86,24,1,2,27,115,62,6,20,90,82,73,85,71,72,14,23,7,25,8,81,119,18,5,17,8,23,25,7,8},key))if a then a()else gg.alert("WRONG PASSWORD!")end
